Moimoi
40
1 0.138100 3.399670 0.457730 -3.031000 -4.399000 0.798000 1
2 -0.704400 3.249999 0.711280 -2.952000 -3.684000 2.071000 1
3 0.138100 3.399670 0.457730 -4.046000 -2.720000 2.185000 1
4 0.147400 3.399670 0.457730 -1.661000 -3.009000 2.199000 1
5 0.124000 3.399670 0.457730 -0.588000 -4.000000 2.633000 1
6 -0.418500 3.000012 0.711280 0.656000 -3.321000 2.750000 1
7 0.234500 3.399670 0.457730 1.695000 -4.202000 3.154000 1
8 -0.094800 3.399670 0.359824 2.202000 -5.002000 1.968000 1
9 -0.112100 3.399670 0.359824 2.713000 -6.286000 2.160000 1
10 -0.132700 3.399670 0.359824 3.179000 -7.021000 1.070000 1
11 -0.126100 3.399670 0.359824 3.136000 -6.472000 -0.212000 1
12 -0.132700 3.399670 0.359824 2.625000 -5.188000 -0.403000 1
13 -0.112100 3.399670 0.359824 2.159000 -4.453000 0.687000 1
14 -0.094800 3.399670 0.359824 2.811000 -3.474000 3.886000 1
15 -0.112100 3.399670 0.359824 3.553000 -4.137000 4.863000 1
16 -0.132700 3.399670 0.359824 4.577000 -3.469000 5.535000 1
17 -0.126100 3.399670 0.359824 4.858000 -2.138000 5.228000 1
18 -0.132700 3.399670 0.359824 4.116000 -1.474000 4.251000 1
19 -0.112100 3.399670 0.359824 3.092000 -2.143000 3.579000 1
20 0.034400 2.471353 0.065689 -2.211000 -5.117000 0.719000 1
21 0.034400 2.471353 0.065689 -2.964000 -3.694000 -0.036000 1
22 0.034400 2.471353 0.065689 -3.979000 -4.938000 0.726000 1
23 0.034400 2.471353 0.065689 -3.962000 -2.206000 3.137000 1
24 0.034400 2.471353 0.065689 -4.991000 -3.251000 2.132000 1
25 0.034400 2.471353 0.065689 -3.975000 -2.008000 1.371000 1
26 0.046300 2.471353 0.065689 -1.750000 -2.193000 2.932000 1
27 0.046300 2.471353 0.065689 -1.387000 -2.571000 1.228000 1
28 0.039900 2.471353 0.065689 -0.471000 -4.793000 1.889000 1
29 0.039900 2.471353 0.065689 -0.835000 -4.451000 3.600000 1
30 0.050400 2.471353 0.065689 1.216000 -4.898000 3.859000 1
31 0.136700 2.599642 0.062760 2.751000 -6.721000 3.155000 1
32 0.131100 2.599642 0.062760 3.577000 -8.021000 1.219000 1
33 0.130900 2.599642 0.062760 3.499000 -7.044000 -1.060000 1
34 0.131100 2.599642 0.062760 2.592000 -4.760000 -1.401000 1
35 0.136700 2.599642 0.062760 1.762000 -3.454000 0.527000 1
36 0.136700 2.599642 0.062760 3.339000 -5.174000 5.108000 1
37 0.131100 2.599642 0.062760 5.154000 -3.985000 6.295000 1
38 0.130900 2.599642 0.062760 5.656000 -1.617000 5.751000 1
39 0.131100 2.599642 0.062760 4.336000 -0.438000 4.013000 1
40 0.136700 2.599642 0.062760 2.520000 -1.618000 2.819000 1
